"";"Valeurs propres";"Pourcentages";"Pourcentage cumules"
"facteur 1";0,139722390576486;3,63503828973333;3,63503828973333
"facteur 2";0,0945906328308838;2,46088383380576;6,09592212353909
"facteur 3";0,0822103091823046;2,13879551055136;8,23471763409046
"facteur 4";0,0802561919961808;2,08795691006022;10,3226745441507
"facteur 5";0,0757399995962786;1,97046298349831;12,293137527649
"facteur 6";0,0725573158885482;1,88766181545376;14,1807993431027
"facteur 7";0,071211375396847;1,85264562940906;16,0334449725118
"facteur 8";0,0703545456479484;1,83035422047898;17,8637991929908
"facteur 9";0,0700184224153726;1,82160958896043;19,6854087819512
"facteur 10";0,0668998924270083;1,74047745352663;21,4258862354778
"facteur 11";0,0658959949822844;1,71435990976374;23,1402461452416
"facteur 12";0,0655381357943122;1,70504979242861;24,8452959376702
"facteur 13";0,0643494924463512;1,67412587204013;26,5194218097103
"facteur 14";0,0583546844901215;1,51816406541356;28,0375858751239
"facteur 15";0,0569594693768803;1,48186594355835;29,5194518186822
"facteur 16";0,056871250329847;1,47957082383898;30,9990226425212
"facteur 17";0,0529809231044229;1,37835949782558;32,3773821403468
"facteur 18";0,0523966138706048;1,3631580227491;33,7405401630959
"facteur 19";0,0510518208599095;1,32817168973924;35,0687118528351
"facteur 20";0,0495148664708973;1,28818605801206;36,3568979108472
"facteur 21";0,0485494477258311;1,26306958176611;37,6199674926133
"facteur 22";0,0479595222998978;1,24772199500848;38,8676894876218
"facteur 23";0,0470647612309297;1,22444375926944;40,0921332468912
"facteur 24";0,0457141980068888;1,18930730753942;41,2814405544307
"facteur 25";0,0446952644377914;1,1627985817505;42,4442391361812
"facteur 26";0,0431642863855692;1,12296843128137;43,5672075674625
"facteur 27";0,0425295033237852;1,1064538216634;44,6736613891259
"facteur 28";0,0406594443957605;1,05780209319397;45,7314634823199
"facteur 29";0,0400441742048235;1,04179513329757;46,7732586156175
"facteur 30";0,0397902582329543;1,03518921797998;47,8084478335974
"facteur 31";0,0390428655107397;1,01574493885257;48,82419277245
"facteur 32";0,0380204399875798;0,989145365872513;49,8133381383225
"facteur 33";0,0368611482204735;0,95898506053407;50,7723231988566
"facteur 34";0,0367752490633648;0,956750295412622;51,7290734942692
"facteur 35";0,0364421922796645;0,948085441079606;52,6771589353488
"facteur 36";0,0356119341734096;0,926485323917669;53,6036442592665
"facteur 37";0,0352535352113866;0,917161163741342;54,5208054230078
"facteur 38";0,0348683309194506;0,907139632154461;55,4279450551623
"facteur 39";0,0336698549231734;0,875959904139364;56,3039049593017
"facteur 40";0,0331677922482121;0,862898167650312;57,166803126952
"facteur 41";0,0327715906292393;0,852590527983699;58,0193936549357
"facteur 42";0,0322558970126045;0,839174166908682;58,8585678218443
"facteur 43";0,0310064596187689;0,806668619669774;59,6652364415141
"facteur 44";0,0307985282747615;0,801259047202655;60,4664954887168
"facteur 45";0,030572227644073;0,795371576668052;61,2618670653848
"facteur 46";0,0301498941097288;0,784384085242765;62,0462511506276
"facteur 47";0,0293393118677442;0,76329585826329;62,8095470088909
"facteur 48";0,0287446315370318;0,747824567202695;63,5573715760936
"facteur 49";0,0285648745381852;0,743147982648431;64,300519558742
"facteur 50";0,0281162704289592;0,731477032078231;65,0319965908202
"facteur 51";0,0278039305984528;0,723351153050432;65,7553477438707
"facteur 52";0,0274085285374156;0,713064314800819;66,4684120586715
"facteur 53";0,0270741118958162;0,704364082204437;67,1727761408759
"facteur 54";0,0261853303367327;0,681241410275137;67,8540175511511
"facteur 55";0,0259906722890737;0,676177157840537;68,5301947089916
"facteur 56";0,0258473784138342;0,672449203279849;69,2026439122715
"facteur 57";0,0255858584352181;0,665645461002914;69,8682893732744
"facteur 58";0,0251607452715419;0,654585654331578;70,5228750276059
"facteur 59";0,024937369178786;0,648774269006517;71,1716492966125
"facteur 60";0,0242002626906175;0,629597598058873;71,8012468946713
"facteur 61";0,0240394921790367;0,625414968753399;72,4266618634247
"facteur 62";0,0232165452692242;0,604005060754806;73,0306669241795
"facteur 63";0,0227590500724849;0,592102798342497;73,622769722522
"facteur 64";0,0221201286076977;0,575480523422555;74,1982502459446
"facteur 65";0,022036288203447;0,573299319118645;74,7715495650632
"facteur 66";0,0212702198187526;0,553369171205852;75,3249187362691
"facteur 67";0,020946723040095;0,544953031371899;75,869871767641
"facteur 68";0,0207681731345847;0,540307850735638;76,4101796183766
"facteur 69";0,020592736203441;0,535743657698934;76,9459232760756
"facteur 70";0,0203411365064822;0,529198002930525;77,4751212790061
"facteur 71";0,0197692095742069;0,514318667634495;77,9894399466406
"facteur 72";0,0194386803200614;0,505719569882598;78,4951595165232
"facteur 73";0,0191190530599698;0,497404100013511;78,9925636165367
"facteur 74";0,0189696481484705;0,493517159833535;79,4860807763702
"facteur 75";0,0184934125589947;0,481127344603951;79,9672081209742
"facteur 76";0,018377600633481;0,478114364494513;80,4453224854687
"facteur 77";0,0177262019027856;0,461167479187213;80,9064899646559
"facteur 78";0,0175967584040022;0,457799858060111;81,364289822716
"facteur 79";0,0173760603284537;0,452058144425101;81,8163479671411
"facteur 80";0,0169701609950112;0,441498207590689;82,2578461747318
"facteur 81";0,0168330154089593;0,437930207826945;82,6957763825587
"facteur 82";0,0164608245858953;0,428247236562691;83,1240236191214
"facteur 83";0,0162618184874027;0,423069864597279;83,5470934837187
"facteur 84";0,0159980650519757;0,416208016379038;83,9633015000978
"facteur 85";0,0156802148712986;0,407938779269702;84,3712402793675
"facteur 86";0,0152407811983158;0,39650640811931;84,7677466874868
"facteur 87";0,0151555266919558;0,394288414326672;85,1620351018134
"facteur 88";0,0150595481102247;0,391791421409881;85,5538265232233
"facteur 89";0,0146670860093024;0,381581069595575;85,9354075928189
"facteur 90";0,0146450076351339;0,381006675361791;86,3164142681807
"facteur 91";0,0143873440945903;0,374303262745675;86,6907175309264
"facteur 92";0,0142913076083634;0,371804763376992;87,0625222943033
"facteur 93";0,0141406596605141;0,367885484180275;87,4304077784836
"facteur 94";0,0138787229242229;0,361070899474289;87,7914786779579
"facteur 95";0,01374237561248;0,35752366773253;88,1490023456904
"facteur 96";0,0135904047028364;0,353569970166942;88,5025723158574
"facteur 97";0,0133688214219229;0,347805226898796;88,8503775427562
"facteur 98";0,0132286410573315;0,344158273889646;89,1945358166458
"facteur 99";0,0130591633041099;0,339749115703354;89,5342849323492
"facteur 100";0,0129356431994405;0,336535598469843;89,870820530819
"facteur 101";0,0126423210250465;0,328904485584135;90,1997250164032
"facteur 102";0,0124344197345982;0,323495694994836;90,523220711398
"facteur 103";0,0122555945260362;0,318843352033837;90,8420640634318
"facteur 104";0,0116495699264477;0,303076926803525;91,1451409902354
"facteur 105";0,0115183177191196;0,29966225004856;91,4448032402839
"facteur 106";0,0113910054346124;0,296350074905925;91,7411533151898
"facteur 107";0,0111617408201773;0,290385492933671;92,0315388081235
"facteur 108";0,0108738218951787;0,282894951779957;92,3144337599035
"facteur 109";0,0106594729043823;0,277318416868867;92,5917521767723
"facteur 110";0,0104683858797504;0,272347068695232;92,8640992454676
"facteur 111";0,0101611322238392;0,264353512334728;93,1284527578023
"facteur 112";0,0100894844013456;0,262489512033374;93,3909422698357
"facteur 113";0,00991241801960276;0,25788292696992;93,6488251968056
"facteur 114";0,00973441628167617;0,253252007542242;93,9020772043478
"facteur 115";0,00944241093968188;0,245655153562172;94,14773235791
"facteur 116";0,00924451378857607;0,240506632135286;94,3882389900453
"facteur 117";0,00885616176341025;0,23040320865714;94,6186421987024
"facteur 118";0,00879903808091147;0,228917070520819;94,8475592692233
"facteur 119";0,00857970475524911;0,223210862419829;95,0707701316431
"facteur 120";0,00843329549407031;0,21940185751975;95,2901719891628
"facteur 121";0,00834685234096825;0,217152939718425;95,5073249288813
"facteur 122";0,00815165930178636;0,212074768865578;95,7193996977468
"facteur 123";0,00788902320844209;0,205241989583507;95,9246416873303
"facteur 124";0,00777050944975444;0,202158718184325;96,1268004055147
"facteur 125";0,00757472382995116;0,197065130666765;96,3238655361814
"facteur 126";0,00750933892705768;0,19536406740405;96,5192296035855
"facteur 127";0,00718727400905789;0,186985179067838;96,7062147826533
"facteur 128";0,00695592612395467;0,180966398419086;96,8871811810724
"facteur 129";0,00689134014520749;0,179286120084617;97,066467301157
"facteur 130";0,0067848615264864;0,176515956659184;97,2429832578162
"facteur 131";0,00676173966252042;0,175914414841158;97,4188976726574
"facteur 132";0,00660134896134665;0,171741666739166;97,5906393393965
"facteur 133";0,00646467602075163;0,168185963389233;97,7588253027858
"facteur 134";0,00615323885843628;0,160083568310025;97,9189088710958
"facteur 135";0,00602378367527504;0,156715643200427;98,0756245142962
"facteur 136";0,00594477362448056;0,154660106083386;98,2302846203796
"facteur 137";0,00579185421999316;0,150681732336262;98,3809663527159
"facteur 138";0,00563334960815881;0,146558053012283;98,5275244057281
"facteur 139";0,00551159024478594;0,14339034348364;98,6709147492118
"facteur 140";0,00536080610401411;0,139467521071794;98,8103822702836
"facteur 141";0,00519629337922017;0,135187533796261;98,9455698040798
"facteur 142";0,00499820067921188;0,13003392494033;99,0756037290202
"facteur 143";0,00479463929570433;0,124738042009126;99,2003417710293
"facteur 144";0,00470690228056999;0,122455462902625;99,3227972339319
"facteur 145";0,00452690261913059;0,11777256520261;99,4405697991345
"facteur 146";0,00445945863083404;0,116017932470814;99,5565877316053
"facteur 147";0,00439721663412935;0,114398635518354;99,6709863671237
"facteur 148";0,00367338332622461;0,0955672815831538;99,7665536487069
"facteur 149";0,00285819391174247;0,0743591937254976;99,8409128424323
"facteur 150";0,00251801679511673;0,0655090957625034;99,9064219381949
"facteur 151";0,00219699522353477;0,0571573512803473;99,9635792894752
"facteur 152";0,000693564229838826;0,0180438691426013;99,9816231586178
"facteur 153";0,000342749664175027;0,00891702573888782;99,9905401843567
"facteur 154";0,000324099168931198;0,00843181170802211;99,9989719960647
"facteur 155";3,95140727311351e-05;0,00102800393529164;100
